           1   1.9799254931734982     
           2   0.0000000000000000     
           3   2.0000000000000000     
           4   0.0000000000000000     
           5   1.0000000000000000     
           6   0.0000000000000000     
           7   0.0000000000000000     
           8   1.0000000000000000     
           9   4.0000000000000000     
          10   4.7355856419884752     
          11   2.2644143580115248     
          12   0.0000000000000000     
          13   0.0000000000000000     
          14   4.0000000000000000     
          15  0.50000000000000000     
          16   11.666069373537368     
          17   1.0680522474708880     
          18   2.1696505311530192     
          19   5.3540051332891334     
          20   9.9849117025624032     
          21   11.000000000000000     
          22   3.5000000000000000     
          23   3.0000000000000000     
          24   4.4470360499667096     
          25   8.8303494688469790     
          26   3.5163367091505782     
          27   8.0085928592770870     
          28   1.0000000000000000     
          29   9.4750704315723375     
          30   8.0000000000000000     
          31   3.0000000000000000     
